-0.5 Y0, Z1, Y2
-0.5 X0, Z1, X2
-0.5 Y1, Z2, Y3
-0.5 X1, Z2, X3
0.75 I
-0.25 Z1
-0.25 Z0
0.25 Z0, Z1
-0.5 Y2, Z3, Y4
-0.5 X2, Z3, X4
-0.5 Y3, Z4, Y5
-0.5 X3, Z4, X5
-0.25 Z3
-0.25 Z2
0.25 Z2, Z3
-0.5 X0, Z1, Z2, Z3, X4
-0.5 Y0, Z1, Z2, Z3, Y4
-0.5 X1, Z2, Z3, Z4, X5
-0.5 Y1, Z2, Z3, Z4, Y5
-0.25 Z5
-0.25 Z4
0.25 Z4, Z5

1
summary_loss: [-2.064355, -2.0787616, -2.0928895, -2.1169393, -2.1463108, -2.170834, -2.1878119, -2.201508, -2.2156641, -2.230559, -2.2455387, -2.2617338, -2.2794816, -2.2950408, -2.3030624, -2.3031185, -2.301209, -2.3030212, -2.3085182, -2.3137727, -2.3157206, -2.3146365, -2.3130739, -2.313497, -2.316876, -2.3224697, -2.3283849, -2.3329725, -2.336041, -2.3386, -2.341502, -2.3446708, -2.347428, -2.3492024, -2.350021, -2.3505297, -2.3514562, -2.3529627, -2.3546047, -2.3559813, -2.3571858, -2.3585682, -2.360212, -2.3619075, -2.3634515, -2.3647442, -2.3656924, -2.3662677, -2.366633, -2.3670607, -2.3676312, -2.3681746, -2.3685684, -2.368927, -2.3694234, -2.370041, -2.3706203, -2.371045, -2.3712971, -2.3714206, -2.3714833, -2.371537, -2.3716023, -2.371664, -2.3717418, -2.3718655, -2.3720384, -2.3722014, -2.372314, -2.3723693, -2.372397, -2.3724198, -2.372433, -2.3724387, -2.3724384, -2.3724532, -2.3724964, -2.3725543, -2.3726118, -2.3726566, -2.3726785, -2.3726907, -2.3726978, -2.372707, -2.372719, -2.3727353, -2.3727505, -2.3727677, -2.372793, -2.3728178, -2.3728414, -2.3728526, -2.372864, -2.372876, -2.3728874, -2.3728974, -2.3729048, -2.3729181, -2.3729322, -2.3729453, -2.3729577, -2.3729692, -2.3729782, -2.3729906, -2.3730001, -2.3730054, -2.3730159, -2.3730206, -2.3730297, -2.3730364, -2.3730443, -2.3730533, -2.3730605, -2.3730683, -2.373073, -2.3730798, -2.373085, -2.37309, -2.3730967, -2.373103, -2.3731103, -2.3731143, -2.3731203, -2.3731246, -2.3731282, -2.373136, -2.373138, -2.3731434, -2.373148, -2.3731534, -2.3731585, -2.37316, -2.3731678, -2.373171, -2.373174, -2.3731797, -2.373183, -2.3731875, -2.3731894, -2.373193, -2.3731978, -2.3732014, -2.3732045, -2.3732066, -2.373214, -2.3732128, -2.3732176, -2.3732214, -2.3732226, -2.3732257, -2.3732302, -2.3732336, -2.373234, -2.3732374, -2.3732417, -2.3732417, -2.3732467, -2.3732488, -2.3732526, -2.3732533, -2.373254, -2.3732574, -2.37326, -2.373263, -2.3732653, -2.3732672, -2.373269, -2.373272, -2.3732727, -2.3732748, -2.3732786, -2.3732793, -2.373282, -2.373281, -2.3732843, -2.3732867, -2.3732896, -2.37329, -2.3732948, -2.3732953]
summary_v_score: [1.2938852150088629, 1.2784720255766093, 1.2422631825243609, 1.1118652618184164, 0.9360501145752952, 0.8050832704417713, 0.743603663968088, 0.7135530991415981, 0.6721829931550721, 0.6060872565205018, 0.5272109600362033, 0.44944374222524347, 0.38077297363391116, 0.3316837467638462, 0.3145828454287425, 0.3266962867699227, 0.34368715726268334, 0.34230586696718185, 0.32272216401933207, 0.3020926163394366, 0.2939374478311389, 0.2974015337457693, 0.3017466615829359, 0.2962988133476129, 0.27698280217796, 0.2478183168784012, 0.21821488786262253, 0.19606111096168624, 0.18221135972235347, 0.17175645322901445, 0.1603697977011244, 0.14812247861916805, 0.13818864370457679, 0.13333590294803457, 0.13322220515784128, 0.13432216057645874, 0.1329186522921839, 0.12846989987631988, 0.12346655877516392, 0.11992378452964333, 0.11710030221899978, 0.11291033488215099, 0.10672609089651937, 0.09973476269986532, 0.09331909259838216, 0.08817238542418461, 0.08445650404221527, 0.08193361460561618, 0.07992106907442542, 0.07767601064465975, 0.07521373639720902, 0.07324503528199869, 0.07208162153982155, 0.07108726800314281, 0.06950898034365866, 0.06741012915448064, 0.06544064279610765, 0.06406001701529014, 0.06332475281812928, 0.06303917726965917, 0.06295562224510873, 0.06291839125687722, 0.06288857075868308, 0.06294010097903668, 0.06294249869322661, 0.06268319499032324, 0.06207981131690529, 0.061403966463992134, 0.06086958944291281, 0.06054426683938608, 0.060280964898272164, 0.05997849374699093, 0.05968022033827633, 0.05942428221777166, 0.059252673594466135, 0.059110071015610395, 0.05895522174436358, 0.05882348565950889, 0.058732816678958896, 0.058692453064589804, 0.0587308632510376, 0.05880293112329911, 0.058892944678968336, 0.058954412435019615, 0.058971590702405395, 0.058913692428002, 0.0588042576856404, 0.05865967609083526, 0.058476243211252305, 0.05831710218165575, 0.058165069885337574, 0.0580875258456711, 0.058016387581819095, 0.05796669759545881, 0.05792909730452072, 0.05790235832816638, 0.05789510764233865, 0.05785996423945266, 0.057824726024311324, 0.0577989302729544, 0.05777627849350563, 0.0577671334284039, 0.057777274150141916, 0.057783074644229285, 0.05779738504803031, 0.057809726608157475, 0.05777445744658879, 0.05775163655667962, 0.05769318785487304, 0.05764691206669377, 0.05759099428726926, 0.05753864411323976, 0.057497048075392486, 0.05745180092930906, 0.057431522013814115, 0.05740709442443151, 0.05740876722069395, 0.057412673157923054, 0.057407550969327335, 0.0574018148475826, 0.05739100908916456, 0.05738352651097935, 0.057369863107833985, 0.05736116345860118, 0.057347478876274095, 0.0573164585626537, 0.057307229755373036, 0.057281268568821105, 0.05726423997605796, 0.05724183513817717, 0.05722288059884664, 0.05721913419247232, 0.05717947900720372, 0.05716294819845051, 0.05714935955815386, 0.05712421440442901, 0.05711327176943992, 0.05710640384850398, 0.057110891341079044, 0.05711143148374602, 0.05710436247648535, 0.057097282773520906, 0.057092637133024524, 0.05708981167959535, 0.05705513204945291, 0.057059693167231626, 0.05703738489638353, 0.05702451655714419, 0.05701944750828479, 0.05700870629978211, 0.05699117115231607, 0.05697921304937539, 0.05697881096750393, 0.056973456534377874, 0.05695764652706711, 0.05696577403489191, 0.05694732908653895, 0.05694196397070289, 0.05693112787883941, 0.05693306458649658, 0.056932461471059424, 0.05692355137738161, 0.056922355880764865, 0.056907752371354856, 0.056901170371009585, 0.05690108595582361, 0.05688881055303467, 0.056877254917916405, 0.056879191596819145, 0.05686874705123165, 0.0568518157778005, 0.056854260403985925, 0.05684696953499507, 0.05685640884921814, 0.05684749897835164, 0.05683939325820861, 0.05683240934401016, 0.056831499334133534, 0.05681427210501759, 0.056815901832451526]



2
summary_loss: [-1.6388191, -1.672194, -1.7160338, -1.7609073, -1.7967855, -1.8173734, -1.8240422, -1.8248174, -1.8285434, -1.8400927, -1.8592579, -1.8818114, -1.901971, -1.9158676, -1.9236118, -1.9282622, -1.9334091, -1.9414086, -1.952675, -1.96569, -1.9781873, -1.9888494, -1.998002, -2.0068965, -2.0167031, -2.027727, -2.0390966, -2.0494795, -2.0583363, -2.0662231, -2.0739322, -2.081782, -2.0895092, -2.0965586, -2.1026058, -2.107957, -2.1132562, -2.118909, -2.1250038, -2.131573, -2.1386025, -2.1458752, -2.1529562, -2.159346, -2.1648164, -2.1696799, -2.1745455, -2.1797512, -2.1851249, -2.190331, -2.195266, -2.2001905, -2.2054744, -2.2112613, -2.2174299, -2.223747, -2.2299862, -2.235968, -2.2415967, -2.2468464, -2.2517335, -2.2562644, -2.2604258, -2.264188, -2.2675724, -2.2706053, -2.273267, -2.2755077, -2.2773223, -2.278783, -2.2799916, -2.2809925, -2.2817917, -2.2824051, -2.2829123, -2.2834234, -2.284002, -2.284653, -2.2853415, -2.28602, -2.2866411, -2.2871938, -2.2877004, -2.2881978, -2.2887259, -2.2892895, -2.2898688, -2.290445, -2.2910132, -2.2915788, -2.2921536, -2.29274, -2.2933362, -2.2939367, -2.294549, -2.295174, -2.2958038, -2.2964501, -2.2971065, -2.2977893, -2.2985082, -2.2992682, -2.300084, -2.3009632, -2.301914, -2.302941, -2.3040476, -2.3052347, -2.3065023, -2.3078551, -2.309292, -2.3108072, -2.3123913, -2.3140364, -2.3157177, -2.3174238, -2.319138, -2.3208416, -2.3225174, -2.3241436, -2.3257103, -2.3272007, -2.3285995, -2.3299048, -2.3310988, -2.3321779, -2.3331406, -2.3339884, -2.3347218, -2.335351, -2.3358874, -2.3363452, -2.3367393, -2.337082, -2.3373895, -2.3376713, -2.337938, -2.3381996, -2.3384616, -2.3387303, -2.3390102, -2.3393018, -2.3396041, -2.3399205, -2.3402479, -2.3405795, -2.3409166, -2.3412533, -2.3415868, -2.3419101, -2.3422256, -2.342531, -2.342822, -2.3431013, -2.34337, -2.343627, -2.3438733, -2.3441095, -2.344339, -2.3445601, -2.344773, -2.3449767, -2.345176, -2.345368, -2.3455503, -2.3457255, -2.3458982, -2.3460639, -2.3462226, -2.3463728, -2.3465219, -2.3466606, -2.3467937, -2.3469222, -2.3470416, -2.347157, -2.3472636, -2.3473637, -2.3474586, -2.347548]
summary_v_score: [3.513344751292487, 3.162420366369998, 2.7570031894223503, 2.393953421365458, 2.1424237613322084, 2.027307929559474, 2.021438654001062, 2.060231593782784, 2.077939247229751, 2.037144738972853, 1.936572536727368, 1.8047227666241308, 1.6820163698794908, 1.5960023995170016, 1.5482171010731562, 1.5217037474753636, 1.496193695344628, 1.458754437488394, 1.4083742498695782, 1.3561745116489274, 1.317005399791552, 1.2974240347743855, 1.2902046203866777, 1.2791784896254996, 1.2490014512692882, 1.1948367419238308, 1.126259714504856, 1.059710699205897, 1.0057962169557073, 0.9645723248406048, 0.9309305052383601, 0.9006098127252137, 0.8726512522696007, 0.8486097556778461, 0.8296011501115282, 0.8136259910927328, 0.7967629598861619, 0.7764177763269906, 0.7524182189703271, 0.7258655224973423, 0.6984223347167672, 0.6720869495377924, 0.6489342039737771, 0.630876309213418, 0.61858727936688, 0.6101190230993425, 0.6019539529910108, 0.5921617725084176, 0.5819360710808867, 0.5736470761798931, 0.5682635010742155, 0.5643430553830174, 0.5594952167542095, 0.5524248034976755, 0.5431966360384921, 0.5323269652539535, 0.5202944646355971, 0.5077410739852066, 0.4953929271282626, 0.48385688082754263, 0.47338342251373955, 0.4639756810466388, 0.4555758905480141, 0.4481323221150892, 0.4412325113552922, 0.4343836892541676, 0.42741614701946046, 0.4206252265769744, 0.414409437454037, 0.40891661433456417, 0.4040768433205989, 0.39995420448594693, 0.39668247832422077, 0.39433074836812687, 0.3926436163920013, 0.39121341239069174, 0.3898121732344074, 0.3884246605134944, 0.38714375980940763, 0.38611463500837634, 0.3854858407355219, 0.38525413917047974, 0.3852120819248766, 0.3850535756490873, 0.38448705560789104, 0.38344875328002126, 0.3820299773216274, 0.38038640414673514, 0.3786231098385225, 0.3768165352698025, 0.37497122531724303, 0.37307780023106807, 0.37110964209133085, 0.369040852265849, 0.3668031001561674, 0.36441039345488374, 0.3619405743639811, 0.3593727136167064, 0.3567789661492068, 0.3540711231640403, 0.3512167789994432, 0.3481949042583371, 0.34495922226932285, 0.3415085014398855, 0.3378172004722649, 0.33390705494997613, 0.3297893256531616, 0.3254922139157469, 0.32103639574561826, 0.3164144626317296, 0.31161257290811323, 0.3066239491891804, 0.3014568481040872, 0.29612025264045627, 0.2906846608454654, 0.2851546092302792, 0.2795571358145256, 0.273915798196096, 0.26828449304286783, 0.26273365707431345, 0.25727861907559674, 0.25196516997947543, 0.24681687899149107, 0.24182671601551703, 0.2370726390831203, 0.23259942665558392, 0.22842661386107158, 0.22457791553337872, 0.2210884598149015, 0.21792508594716764, 0.2151046240636921, 0.2126101650080334, 0.21041781627270045, 0.20851276817349332, 0.20684340050725264, 0.20538573930451087, 0.20412922798636993, 0.20304748449089888, 0.2021079413148767, 0.20127187594962398, 0.20049376136443126, 0.1997412290654629, 0.19900624607754408, 0.19824603164588564, 0.19746448200110378, 0.19668077098799921, 0.19587292623525104, 0.1950657254691354, 0.19426365129906054, 0.19347844915675885, 0.192694370633565, 0.19191128928622356, 0.1911524078771736, 0.19042074456066235, 0.18971445412613597, 0.18904241985548081, 0.18839020958055594, 0.1877446625456055, 0.1871060726101179, 0.1864630300770751, 0.1858277221901206, 0.1852056943823897, 0.1845741717919826, 0.18394742201082023, 0.18333675376238584, 0.18272958818010898, 0.18210672450500923, 0.18148974385421185, 0.18088331819009965, 0.18030350713634055, 0.17971916112462863, 0.1791722787848454, 0.17864470340594907, 0.17814157698913202, 0.17767634879253896, 0.17723771039194788, 0.17684036301986453, 0.17647330375358306, 0.17613492307868686, 0.17582490984822066]



3
summary_loss: [-1.9227836, -1.9293231, -1.9393853, -1.9525208, -1.9680431, -1.9859272, -2.0057704, -2.0246897, -2.0391195, -2.0484893, -2.0556142, -2.064199, -2.0765803, -2.0926387, -2.1097276, -2.124096, -2.1338048, -2.1402357, -2.145922, -2.151602, -2.1563926, -2.1600535, -2.1636293, -2.168046, -2.1732373, -2.1786668, -2.1840148, -2.1893032, -2.1947758, -2.200573, -2.2063406, -2.2114913, -2.215889, -2.2199047, -2.223804, -2.227647, -2.2316134, -2.2358987, -2.240312, -2.2444267, -2.2481825, -2.252015, -2.2564788, -2.2617626, -2.2674835, -2.2730289, -2.2781374, -2.282983, -2.28773, -2.2923577, -2.296856, -2.301298, -2.305738, -2.310139, -2.3144102, -2.3184652, -2.322287, -2.3259144, -2.3293605, -2.3325992, -2.3355982, -2.338318, -2.3407319, -2.3428857, -2.3448234, -2.3465583, -2.3481052, -2.349512, -2.3508472, -2.3521492, -2.3534186, -2.3546548, -2.355884, -2.3571126, -2.3583252, -2.3595164, -2.3606908, -2.361849, -2.3629615, -2.3640094, -2.3649998, -2.3659263, -2.366776, -2.3675268, -2.3681784, -2.3687263, -2.369172, -2.3695261, -2.369808, -2.3700404, -2.3702412, -2.3704176, -2.3705838, -2.3707526, -2.370927, -2.3711104, -2.3713014, -2.3715038, -2.3717086, -2.3719125, -2.3721094, -2.3723006, -2.372486, -2.3726683, -2.3728402, -2.3730056, -2.3731608, -2.373311, -2.3734612, -2.3736048, -2.373747, -2.3738909, -2.3740299, -2.374168, -2.3743021, -2.3744333, -2.3745563, -2.3746748, -2.374791, -2.3748958, -2.3749976, -2.375093, -2.3751853, -2.3752723, -2.3753536, -2.3754332, -2.375507, -2.3755815, -2.3756511, -2.375721, -2.3757832, -2.3758478, -2.3759089, -2.3759682, -2.3760247, -2.3760812, -2.3761358, -2.376191, -2.3762453, -2.3762972, -2.3763506, -2.3764079, -2.3764586, -2.3765154, -2.3765702, -2.3766234, -2.3766794, -2.3767364, -2.3767917, -2.3768466, -2.376901, -2.3769586, -2.3770168, -2.3770728, -2.3771312, -2.3771925, -2.3772495, -2.3773103, -2.3773718, -2.3774328, -2.3774962, -2.3775575, -2.3776197, -2.3776836, -2.377749, -2.3778126, -2.3778782, -2.3779445, -2.3780115, -2.378079, -2.3781464, -2.378215, -2.3782845, -2.378354, -2.3784242, -2.3784955, -2.3785665, -2.37864, -2.378712, -2.3787844]
summary_v_score: [1.4390119736788534, 1.3822963400981976, 1.2919413026483657, 1.179183731918419, 1.0557875368634178, 0.9291751609006609, 0.8093890200125945, 0.7167699043855933, 0.6647479741259121, 0.6418870814003229, 0.6209593213042024, 0.5797216140160972, 0.5113919133408795, 0.4251190296737397, 0.34181406172601614, 0.28377185674704364, 0.25879661829231304, 0.25460427813421355, 0.2541157359921523, 0.253115033935242, 0.2576218355543165, 0.2693009312760454, 0.28182510666507005, 0.2896449088061781, 0.29279783981488383, 0.29337640892496664, 0.29211494457907294, 0.28859934427441863, 0.28200172092953285, 0.27226454838517417, 0.2620324347213632, 0.25542054066094483, 0.2540083051358284, 0.25585132041158415, 0.25860110826165705, 0.2607586594034773, 0.26079649300998337, 0.2578367891934855, 0.25314941057459267, 0.24894170684624475, 0.24559054365111826, 0.24140083683355365, 0.23425289599437393, 0.22335126897108531, 0.21027702585936853, 0.19779032714603495, 0.18732328900209322, 0.17846073455188333, 0.17080605032772797, 0.1644778569924827, 0.15917338256502372, 0.1542651877859712, 0.1495066873269534, 0.14511882859970315, 0.14133387327238053, 0.13820792737707518, 0.1354458961418805, 0.13253611671369053, 0.1291963593790755, 0.12545993060611782, 0.12155124783520292, 0.11782299081605621, 0.11463903333008527, 0.11206780613084481, 0.11023651860518838, 0.10925646880568593, 0.10904900694801077, 0.10925049996970622, 0.10940909672822086, 0.10930738158226609, 0.10902976894773071, 0.10871475021436998, 0.10836535462312973, 0.10796660706563073, 0.10746138106688291, 0.10671816215025871, 0.1056135362945862, 0.10414517403149656, 0.10252890711483875, 0.10095210650872781, 0.0994531535908149, 0.0980733697475283, 0.09681972315329503, 0.09572310428883334, 0.09475098269058059, 0.09392357904930422, 0.09325010128195811, 0.09269815909346052, 0.0922069444908857, 0.09169088581935478, 0.09110516190860395, 0.09044441006209279, 0.0896903459253892, 0.08883235331394639, 0.08791105722042408, 0.08698080503461945, 0.08608334637034214, 0.08521130559844704, 0.08436996575960176, 0.08351337621189552, 0.08262533433591658, 0.08169516161115578, 0.08074371208542191, 0.0797963782191165, 0.07891551155758852, 0.07809118361865032, 0.07734595007969415, 0.07664935546400616, 0.07598691614077889, 0.0753978710163557, 0.074845490626916, 0.07430415516211329, 0.07379441212211156, 0.07329723953556391, 0.07281255015948143, 0.07233718749832038, 0.0718855897248906, 0.07144909911260253, 0.07102485544810479, 0.07066657617393171, 0.07032925256511526, 0.07002892539303524, 0.0697287467026676, 0.06943461092123973, 0.06915706551973806, 0.06888452240872851, 0.06864985700973908, 0.06841632169101514, 0.06820614979994007, 0.06798514291705311, 0.06779551938833771, 0.06758866105205245, 0.06739399985953633, 0.06720584690462482, 0.0670211668835912, 0.06682484218272132, 0.06662864086963079, 0.06642241580964459, 0.0662097215255457, 0.06600262600033092, 0.06578621327331967, 0.06555439346965963, 0.06535240867330612, 0.065124064574876, 0.06489939173309858, 0.06468274420874129, 0.0644499898189187, 0.06421289053388636, 0.06399141333525214, 0.06377390247096032, 0.06356440855049279, 0.06333384739454354, 0.06310694520777158, 0.06289201648082376, 0.06266493994810532, 0.062423285767399216, 0.06220556102814198, 0.06196586458901271, 0.06172152486828969, 0.06148216469581214, 0.06123420759371839, 0.060991641122799777, 0.06075080892012981, 0.06050351000430106, 0.06025146715094187, 0.06000794958788667, 0.05975219812549474, 0.05948877271921592, 0.05922779349451863, 0.058967945583790655, 0.058701035141770844, 0.058431106674021606, 0.058152497188759346, 0.05788078796040994, 0.0575985791227537, 0.05731335558860492, 0.057029875329949756, 0.056733770736087104, 0.05644446997704831, 0.056153270788568174]



4
summary_loss: [-1.6939672, -1.7348217, -1.7700676, -1.7906216, -1.8029499, -1.8187848, -1.8405772, -1.8596596, -1.8668003, -1.8627663, -1.8574146, -1.8596635, -1.8703393, -1.8836033, -1.893618, -1.8994374, -1.9040568, -1.9104238, -1.9192022, -1.9293736, -1.9400483, -1.951268, -1.963014, -1.9739807, -1.9821604, -1.9868447, -1.9895241, -1.992468, -1.996672, -2.0014496, -2.0056841, -2.0091565, -2.012558, -2.0164263, -2.0205283, -2.0243108, -2.0276911, -2.0310986, -2.0349262, -2.0391536, -2.0435421, -2.047962, -2.0524154, -2.0568366, -2.0609968, -2.064684, -2.0678794, -2.0706737, -2.0731087, -2.0751464, -2.076828, -2.0783389, -2.0798626, -2.081422, -2.0828998, -2.0842195, -2.0854526, -2.0867217, -2.0880609, -2.0894117, -2.0907245, -2.0920663, -2.093551, -2.0951881, -2.0968912, -2.0985754, -2.1002297, -2.101912, -2.10364, -2.1053867, -2.107133, -2.1088977, -2.1107218, -2.1126072, -2.1145341, -2.1164827, -2.1184578, -2.120455, -2.1224737, -2.1245186, -2.1266048, -2.1287353, -2.1309044, -2.133104, -2.1353412, -2.1376235, -2.139953, -2.142333, -2.1447566, -2.1472495, -2.1498187, -2.1524727, -2.1552227, -2.158098, -2.1611228, -2.164317, -2.1677008, -2.1713, -2.1751454, -2.1792564, -2.1836479, -2.1883364, -2.1933196, -2.19858, -2.2040808, -2.2097416, -2.2154825, -2.221179, -2.2266974, -2.2319057, -2.2366865, -2.2409751, -2.244759, -2.2480812, -2.2510314, -2.2537098, -2.2562103, -2.2585964, -2.260907, -2.2631538, -2.2653677, -2.2675753, -2.2698138, -2.2721236, -2.2745235, -2.277011, -2.2795732, -2.282176, -2.2847738, -2.2873073, -2.2897172, -2.2919562, -2.2939951, -2.2958293, -2.2974756, -2.2989645, -2.3003175, -2.3015482, -2.3026679, -2.303674, -2.30458, -2.3054075, -2.306189, -2.3069632, -2.3077588, -2.3085852, -2.3094397, -2.3103106, -2.3111832, -2.312045, -2.3128974, -2.3137302, -2.31455, -2.315357, -2.3161576, -2.3169615, -2.317772, -2.3185887, -2.3194063, -2.3202193, -2.321028, -2.3218277, -2.322619, -2.3234088, -2.3241997, -2.3249896, -2.3257875, -2.3265874, -2.3273964, -2.328217, -2.3290436, -2.3298848, -2.3307414, -2.3316107, -2.3324926, -2.3333843, -2.3342862, -2.335194, -2.3361053, -2.3370214]
summary_v_score: [3.057801242156076, 2.6299969461015213, 2.319518855304517, 2.19172625684694, 2.160350292051876, 2.1013718153820493, 1.984369045910233, 1.8792796412443984, 1.8566148561439841, 1.9069072559308788, 1.9522543795839684, 1.9250511541931414, 1.8274885771132743, 1.7148223743368511, 1.6338608766485678, 1.5865245162379091, 1.5448735490888494, 1.4873531622284841, 1.415787945409274, 1.345229104155034, 1.2847793082956598, 1.2307520431691827, 1.1769673321076453, 1.1270579758951067, 1.0919392503260776, 1.0759117742231465, 1.0697072316425054, 1.0590046952337258, 1.037954223103617, 1.012089501764215, 0.9897604740345389, 0.9726895958004447, 0.9557929608159105, 0.9350987309088218, 0.9128574090469642, 0.8942172124568863, 0.8803720589773766, 0.8673700425557561, 0.8506732878174987, 0.829442999250904, 0.8059259119111626, 0.782300344685016, 0.7592910637453443, 0.7372279376726472, 0.7173345678886722, 0.7010614814866819, 0.6885945293385813, 0.6788222999637764, 0.6704043964975024, 0.662683944367827, 0.6553602088701348, 0.6479738709966598, 0.6403213373769998, 0.6329415437049286, 0.6269124119544331, 0.622845121184377, 0.6202630277654368, 0.6182149222292337, 0.6162115760278482, 0.6143364660423121, 0.6126587794153, 0.610481839405315, 0.6067350704852374, 0.6010268698959202, 0.5938395703654229, 0.5859633372845481, 0.5779526368892012, 0.5699445570852777, 0.5621568548502186, 0.5549064765744189, 0.5482875172106914, 0.5420003362130713, 0.5354999399861402, 0.5284892705017525, 0.5209416956205937, 0.513071575265029, 0.5051142092994163, 0.49743062410351196, 0.4902822710404039, 0.4837537280215289, 0.47767342667955814, 0.4717799738221595, 0.46582025347551004, 0.45964001129585547, 0.4531241473635985, 0.44634754494075785, 0.4395280208149491, 0.43290478493751305, 0.42669619220019445, 0.4208252264699182, 0.4151724948968593, 0.4095447630355623, 0.4037166560011837, 0.3974352207273067, 0.39051499389010064, 0.38285910914779314, 0.37440814238051134, 0.3650775308132823, 0.354806778083913, 0.3436326726344223, 0.331629315642277, 0.31890535616699084, 0.30560470671402, 0.29187105815327946, 0.27784281360563895, 0.26380350933349783, 0.2500345713119211, 0.2370747459351386, 0.22558018545078626, 0.21622933280849865, 0.2096173370751615, 0.20602021803179735, 0.20543948351963595, 0.20761481001188767, 0.212120382759986, 0.21848733025101463, 0.22622359382698318, 0.2348651718284163, 0.24395948113813748, 0.2531353637569054, 0.26195555571593565, 0.2700739337173968, 0.2771550181714849, 0.28292166318830847, 0.28720629070700665, 0.2899881921270151, 0.2912984499380344, 0.29125933216946065, 0.29008507649191806, 0.2880705173659623, 0.28558052000538797, 0.28299010368704114, 0.2806515499397661, 0.2788301391952539, 0.2776472497902966, 0.27710022400238227, 0.2771385170049511, 0.27768184992230543, 0.2786061448179752, 0.27984087686889936, 0.28123497662863195, 0.28261968136540677, 0.2837905378220268, 0.28454653548256864, 0.2847260611050469, 0.2842822363832861, 0.283254128100631, 0.28176596515419905, 0.27996067618682463, 0.2780181649481121, 0.2760151786885944, 0.2740569378750169, 0.2721319727289226, 0.2701992161290185, 0.2681926094921713, 0.2660263944682492, 0.26364793725214836, 0.2610667349505286, 0.2583364392788145, 0.25552976156936735, 0.2526949631044985, 0.24989810253432285, 0.24715221213602187, 0.2444178912608726, 0.24167648444312767, 0.23891919219377236, 0.23609376019279504, 0.23322986019146558, 0.2303046001748467, 0.227322043798413, 0.22434087583087234, 0.2213316082809555, 0.21830715068888448, 0.21529018918181067, 0.21228651682431696, 0.20929506446789034, 0.20629595950649385, 0.20329734813014647, 0.20028328016294225, 0.19723259304340893]



5
summary_loss: [-1.8860986, -1.9245527, -1.9587125, -1.9922566, -2.0240445, -2.0500927, -2.0672195, -2.075709, -2.0790155, -2.0810676, -2.0840454, -2.0885282, -2.0947323, -2.1028972, -2.112545, -2.1220336, -2.1294446, -2.1342373, -2.1378434, -2.142376, -2.148692, -2.1559052, -2.1626134, -2.1683583, -2.1737163, -2.1791353, -2.1841452, -2.1879103, -2.1903455, -2.1922476, -2.1943555, -2.196575, -2.1983478, -2.1995602, -2.2007847, -2.2025938, -2.2049491, -2.2073603, -2.209459, -2.2112784, -2.213012, -2.2147124, -2.2162848, -2.217725, -2.219177, -2.2207973, -2.2226071, -2.224526, -2.2265382, -2.2287364, -2.2311943, -2.2338681, -2.2366483, -2.2394714, -2.242355, -2.2453513, -2.248482, -2.251737, -2.2550902, -2.2585063, -2.2619622, -2.2654338, -2.2688825, -2.2722228, -2.275342, -2.2781696, -2.2806578, -2.2828135, -2.2846575, -2.286241, -2.2876422, -2.2889283, -2.2901497, -2.2913647, -2.2926545, -2.2941043, -2.2957602, -2.297632, -2.2997215, -2.3020358, -2.3045576, -2.3072646, -2.3101275, -2.3131294, -2.3162308, -2.3193808, -2.3225434, -2.3256876, -2.328784, -2.3318028, -2.3347108, -2.337494, -2.3401449, -2.3426523, -2.3450272, -2.347268, -2.3493786, -2.351364, -2.353235, -2.3549953, -2.3566473, -2.3581824, -2.3595881, -2.3608491, -2.3619514, -2.3628895, -2.3636653, -2.3642912, -2.364794, -2.3652017, -2.365543, -2.365843, -2.3661163, -2.3663702, -2.3666086, -2.3668408, -2.3670733, -2.3673115, -2.3675687, -2.3678463, -2.3681448, -2.3684616, -2.3687859, -2.3691072, -2.3694217, -2.3697157, -2.3699942, -2.3702512, -2.37049, -2.3707092, -2.370911, -2.3710935, -2.3712587, -2.3714013, -2.3715277, -2.3716383, -2.3717344, -2.3718188, -2.3718925, -2.371965, -2.3720307, -2.3720918, -2.372148, -2.372202, -2.372255, -2.3723078, -2.3723557, -2.3724027, -2.3724463, -2.3724895, -2.3725286, -2.3725677, -2.3726025, -2.372635, -2.3726652, -2.3726926, -2.3727174, -2.372739, -2.3727586, -2.3727791, -2.372795, -2.3728125, -2.3728287, -2.3728437, -2.3728576, -2.3728695, -2.3728836, -2.372895, -2.3729053, -2.3729188, -2.3729272, -2.3729377, -2.3729475, -2.3729563, -2.3729672, -2.372975, -2.3729856, -2.3729923, -2.372998, -2.3730068]
summary_v_score: [1.768873097917534, 1.4938448405347033, 1.289096857977381, 1.1017979834656817, 0.9282323639686617, 0.7913269776366229, 0.7104192898499554, 0.683751668436493, 0.6896521092619401, 0.7013062216133041, 0.7014660127949162, 0.6846995450032906, 0.6515326045973016, 0.6052269418539213, 0.5535200432924849, 0.508204894157962, 0.4788212180224711, 0.46495053914414547, 0.45597994260203606, 0.44021823842603436, 0.414909886385433, 0.38664527386465886, 0.36281763711019355, 0.3440388839039568, 0.32528084519458683, 0.30352488846993125, 0.2821228705580992, 0.26697371150240246, 0.259632930518539, 0.25618987121475, 0.2524258682565613, 0.24830036251221868, 0.2462895787962568, 0.2467533979673596, 0.2467647346683959, 0.24365302322179797, 0.23777588356702475, 0.2312839635366787, 0.22534062004180866, 0.21935627029532326, 0.21273883504443875, 0.20620823156061852, 0.20105785485078914, 0.19745607500968598, 0.19432535411113458, 0.1906233449186045, 0.18636147696863645, 0.1823212554137651, 0.17882206647761317, 0.17531325429918243, 0.17116018107772196, 0.16638198290163156, 0.16142517502032183, 0.1565346488263885, 0.15153827851990692, 0.14617460350677544, 0.1405540152575169, 0.13506401941268928, 0.13010059812728356, 0.12594801211977003, 0.12260702227405075, 0.11998399718686434, 0.11797585425918276, 0.11666923650425154, 0.11631758183431733, 0.11708889300090258, 0.11919218053697594, 0.12262607216253231, 0.1273397288029202, 0.13305306125542377, 0.13930812559451236, 0.1456603618308537, 0.15178627925701824, 0.15737933133543228, 0.16207887105866547, 0.1655353305266724, 0.16759971806247537, 0.16830857109633487, 0.1677661348354578, 0.16605518616534407, 0.1633782786864428, 0.15992513369147648, 0.15588732802999844, 0.1513374923873409, 0.14640846245314024, 0.14125014277312292, 0.1360065399267485, 0.13083695243663288, 0.12592870013093055, 0.12145957988575141, 0.1175939706689558, 0.1143717006495724, 0.11175477855447898, 0.10969183638473147, 0.10805569461190931, 0.1067624069655186, 0.10570590262428373, 0.1047427197826104, 0.10369852218234965, 0.10243215153139679, 0.1008206853570303, 0.09884588317606459, 0.09653600291511408, 0.09398377343989926, 0.0913309937602984, 0.08868345858083883, 0.08615076184293191, 0.08376385510457052, 0.08152126588849497, 0.0794299866245658, 0.07748678250429787, 0.07571161943736052, 0.07412709592184376, 0.07275517252885391, 0.07159449340905967, 0.07062019389454616, 0.06980373997560306, 0.06913530043797153, 0.06855910165369802, 0.06805110953606813, 0.06758311292324906, 0.06712923053922368, 0.06670176113903001, 0.0663022035129541, 0.06592835837417714, 0.06561360966701263, 0.06531600955585073, 0.06504976969969775, 0.06478457351707596, 0.06451573942442852, 0.06424228497631276, 0.06396563518885033, 0.06369507397270498, 0.0634569196784448, 0.06322181252150234, 0.06299799889582064, 0.0627824350703319, 0.06258388873886314, 0.06240053300415877, 0.06220548373647935, 0.062026771170495244, 0.06186074552316918, 0.06170994690408529, 0.06157337379772396, 0.06143995360647324, 0.06130490899480015, 0.06119830279359049, 0.06108742330247579, 0.06098597791422241, 0.06087731465809999, 0.06077157356493829, 0.06065821228164314, 0.060549499416888405, 0.06043264105616691, 0.06032522371188139, 0.06021565411712227, 0.06010373064367993, 0.05999951157379984, 0.05990015753773068, 0.05979288580484873, 0.059706721601394924, 0.0596188424557584, 0.05954061079404926, 0.05946999355128436, 0.05940953100955095, 0.0593628756924515, 0.05931593286698626, 0.059278827733369927, 0.05924933542175823, 0.05920178081908683, 0.05917796508570365, 0.05914420756524949, 0.05910953023251157, 0.059078707282167804, 0.05903540252019689, 0.05900182911328575, 0.058964516879593594, 0.058941096272203175, 0.05891949737861152, 0.05888766005506777]



6
summary_loss: [-1.8574061, -1.9119893, -1.9613458, -2.0055616, -2.0463433, -2.0858889, -2.1238084, -2.156243, -2.1784706, -2.189162, -2.192461, -2.1946936, -2.1988864, -2.203702, -2.2069938, -2.2092037, -2.213033, -2.2203622, -2.2305386, -2.241694, -2.252916, -2.264497, -2.2762768, -2.2867362, -2.2943037, -2.2991269, -2.3030386, -2.3075414, -2.3123507, -2.3161175, -2.3182547, -2.3194933, -2.3208, -2.322417, -2.3241458, -2.326005, -2.3281765, -2.3304772, -2.332342, -2.333354, -2.3336334, -2.3336806, -2.3339047, -2.3344254, -2.3351784, -2.3360703, -2.337005, -2.3378544, -2.33852, -2.339017, -2.3394458, -2.339883, -2.3403325, -2.3407526, -2.3411214, -2.3414435, -2.3416948, -2.3418715, -2.342021, -2.3422065, -2.3424253, -2.3426201, -2.3427649, -2.3429086, -2.3431005, -2.3433216, -2.3435168, -2.3436658, -2.3438187, -2.3439965, -2.3441756, -2.3443177, -2.3444316, -2.3445425, -2.344661, -2.3447824, -2.3449063, -2.3450325, -2.345163, -2.3452861, -2.3453982, -2.345505, -2.3456194, -2.3457341, -2.345847, -2.3459551, -2.3460584, -2.3461585, -2.3462565, -2.3463626, -2.3464727, -2.3465815, -2.346683, -2.3467743, -2.3468654, -2.346953, -2.3470442, -2.3471353, -2.3472252, -2.347313, -2.3473992, -2.3474844, -2.347568, -2.3476522, -2.3477342, -2.3478143, -2.3478906, -2.3479671, -2.348043, -2.348113, -2.3481855, -2.348256, -2.3483224, -2.3483927, -2.3484576, -2.348523, -2.3485858, -2.3486512, -2.3487096, -2.348773, -2.3488295, -2.3488884, -2.3489423, -2.3489974, -2.3490531, -2.349105, -2.3491585, -2.3492079, -2.3492568, -2.3493052, -2.349351, -2.349399, -2.3494446, -2.3494887, -2.3495328, -2.3495739, -2.349617, -2.3496568, -2.3496974, -2.349738, -2.3497753, -2.349811, -2.3498502, -2.3498845, -2.3499222, -2.3499565, -2.3499901, -2.350023, -2.350057, -2.3500886, -2.3501215, -2.3501532, -2.3501809, -2.3502133, -2.3502417, -2.3502698, -2.3503008, -2.3503299, -2.3503563, -2.3503838, -2.3504105, -2.350439, -2.3504653, -2.350491, -2.3505185, -2.3505418, -2.350569, -2.3505957, -2.3506203, -2.3506434, -2.3506725, -2.3506958, -2.3507185, -2.3507426, -2.3507667, -2.3507905, -2.350815, -2.350841, -2.3508644, -2.3508878]
summary_v_score: [3.0014395550748993, 2.657956405312361, 2.325996997218223, 2.0073188698092057, 1.7007604220304768, 1.4056807186059566, 1.1358461783998683, 0.9184512488668354, 0.7786379188749072, 0.7205215058828572, 0.718244533876009, 0.7319426424916121, 0.7375293164075547, 0.7355279940259913, 0.7334604462528072, 0.7275727123514331, 0.7046658312407205, 0.6585949855965747, 0.5976917167373805, 0.535245253011036, 0.4773765566686108, 0.422637950726186, 0.3711632728946276, 0.32921642530879813, 0.3031178918890139, 0.2914443741391867, 0.2851377431140013, 0.2764818661445952, 0.26600436598447774, 0.25949844964790486, 0.2595385848371708, 0.26233542661239934, 0.26248589444940246, 0.2581686168738171, 0.250634263971781, 0.24108272486689328, 0.23006556408010428, 0.21905690564392638, 0.210476881891549, 0.205928113127955, 0.20494636526966314, 0.20555426118843848, 0.20597869373862904, 0.20544065889722624, 0.20403258301271762, 0.2022292766143418, 0.20053938785208933, 0.1993214875408197, 0.19861359862862643, 0.19802354403606248, 0.1971044595100994, 0.1957192124288105, 0.19412916590008153, 0.192781727594608, 0.19200927344923457, 0.19186978245074476, 0.19232686662246223, 0.1931621194529832, 0.194059967882194, 0.19480308210059014, 0.19553617176292346, 0.19653233409869256, 0.19775701290889278, 0.198825335297579, 0.19937427486591555, 0.19939546212140566, 0.19910215257228292, 0.19860662208072682, 0.19779986317798595, 0.19675258399418333, 0.1957356949269546, 0.19504032850090083, 0.19467749870289608, 0.19451221521093448, 0.19445650669480022, 0.19446944176377892, 0.19449970402741537, 0.194505582353438, 0.194454199604, 0.1943785928909735, 0.19429952613775214, 0.1941841836178833, 0.1939739422901799, 0.1936881002199468, 0.19335048742559863, 0.19301603371895482, 0.19272624066443145, 0.1925136483886952, 0.1923882754628704, 0.19227468157995273, 0.19216671173537506, 0.192047579643437, 0.19190436406812825, 0.19175031175969304, 0.19154817480152156, 0.19133790982652304, 0.1911018207927728, 0.19087012346640625, 0.19066861902176246, 0.19047481039536104, 0.19028440447578368, 0.19009666245251475, 0.18991387943315902, 0.1897420890100555, 0.18958525499387924, 0.1894473078278673, 0.18932273008092645, 0.18917250720935136, 0.18900478519206868, 0.18882987397799572, 0.18862476406043752, 0.18842453228383285, 0.18825108170498742, 0.1880676938018684, 0.18791840158240505, 0.18777230962687164, 0.1876299694517943, 0.18747092415224295, 0.18733742412711757, 0.1871801447416468, 0.18706500268425055, 0.18693626759165674, 0.18682976385717462, 0.18671024336711017, 0.18658281193906331, 0.18646117987412883, 0.18632691460746753, 0.18620955447801354, 0.186101449105656, 0.18600259736055896, 0.18591807764573107, 0.18582048664596795, 0.18572219555305694, 0.1856247020047675, 0.1855132180555179, 0.18541442929821, 0.1853048645388689, 0.1852206499862893, 0.18513422663809376, 0.18505091466543852, 0.1849849575098218, 0.1849251962263302, 0.1848447562666343, 0.184776465496101, 0.18469008830737188, 0.1846155836741016, 0.1845417370502177, 0.1844618136718969, 0.18437739103137685, 0.18429493943402817, 0.1842129503554963, 0.18413153913915642, 0.1840771579328581, 0.18399716597334437, 0.18394316671667588, 0.18388109983206918, 0.18380138935083226, 0.18373016363848776, 0.18366445286992342, 0.18358958229169492, 0.18351640540481987, 0.18343681980637694, 0.18336874466493602, 0.18329748344609287, 0.18322158606658354, 0.18316183588497648, 0.18308305360902824, 0.18300937088792896, 0.18294387136882762, 0.18288641634813202, 0.18279760754654611, 0.18273217020955965, 0.18266842566701938, 0.18260181741492482, 0.18253055103563642, 0.182459504899902, 0.18238987535961976, 0.1823137587601265, 0.1822467785552403, 0.18217514071298052]



7
summary_loss: [-1.964475, -2.0003712, -2.03659, -2.0749722, -2.1150472, -2.1536455, -2.1861699, -2.2085998, -2.2193935, -2.2205524, -2.217079, -2.21477, -2.217422, -2.2251568, -2.2350895, -2.243797, -2.2495346, -2.2527614, -2.2550483, -2.2576659, -2.26076, -2.2634935, -2.2649662, -2.2652264, -2.2654715, -2.2671273, -2.2706125, -2.2749343, -2.2784526, -2.2801628, -2.2803597, -2.2801864, -2.2805612, -2.2815657, -2.282708, -2.2836318, -2.2844815, -2.2856364, -2.2872336, -2.2889845, -2.2905042, -2.291656, -2.2926311, -2.29368, -2.2949111, -2.2962718, -2.2977138, -2.2992787, -2.3010223, -2.3029127, -2.3048398, -2.3067193, -2.3085837, -2.310533, -2.3126395, -2.3149161, -2.3173368, -2.3198967, -2.3226132, -2.3254678, -2.3284118, -2.331368, -2.334305, -2.3372202, -2.3401058, -2.342897, -2.3454988, -2.3478277, -2.3498592, -2.3516085, -2.3530827, -2.3542712, -2.3551836, -2.3558629, -2.3563876, -2.3568172, -2.3571792, -2.357497, -2.3577967, -2.3581097, -2.35846, -2.3588498, -2.359263, -2.3596869, -2.360119, -2.3605378, -2.3609185, -2.3612514, -2.3615217, -2.3617449, -2.3619266, -2.3620772, -2.3621974, -2.3623056, -2.3624034, -2.3624978, -2.3625906, -2.3626897, -2.3627956, -2.3629205, -2.3630621, -2.3632128, -2.363376, -2.3635454, -2.3637106, -2.3638706, -2.3640249, -2.3641675, -2.364305, -2.3644345, -2.3645637, -2.3646917, -2.3648224, -2.3649545, -2.3650913, -2.3652282, -2.3653688, -2.3655071, -2.3656437, -2.365781, -2.3659143, -2.3660443, -2.3661733, -2.3662982, -2.366422, -2.366544, -2.3666644, -2.366783, -2.3669028, -2.3670194, -2.367139, -2.3672535, -2.36737, -2.3674834, -2.3675983, -2.3677123, -2.367823, -2.367934, -2.368045, -2.3681545, -2.3682613, -2.3683698, -2.3684766, -2.3685832, -2.3686864, -2.3687901, -2.3688936, -2.3689947, -2.3690972, -2.3691964, -2.3692968, -2.3693976, -2.3694952, -2.3695922, -2.36969, -2.3697863, -2.369881, -2.3699758, -2.3700674, -2.3701615, -2.3702528, -2.3703458, -2.3704345, -2.3705254, -2.3706143, -2.3707027, -2.3707905, -2.3708751, -2.3709612, -2.3710465, -2.3711312, -2.3712168, -2.3712986, -2.3713796, -2.371461, -2.3715403, -2.3716207, -2.3717005, -2.3717782, -2.3718534]
summary_v_score: [1.820805820165146, 1.5397106602287813, 1.3007287686201474, 1.0842148669708944, 0.8814237554014401, 0.6999287292530355, 0.5557775424695344, 0.4618785538219351, 0.4198865723089464, 0.4175108401636773, 0.4317956617903083, 0.4381201699997852, 0.42171581926250346, 0.38452835808877356, 0.3411204009966869, 0.30635315812445785, 0.2856448794915729, 0.27396640026201696, 0.2623615972485647, 0.24534957224770887, 0.22442019229712243, 0.20587367202256682, 0.19515081767795245, 0.19191714594072753, 0.1898929041491508, 0.1819087811220106, 0.16602186222548737, 0.14708250843888684, 0.13278068607210441, 0.12755774808094256, 0.12977472743896032, 0.13390268638870473, 0.13549810069661597, 0.134084970765469, 0.13205451078237385, 0.1313248482076195, 0.13139965115959276, 0.13040772075536575, 0.12733543619951215, 0.1232730702449174, 0.12021448560404781, 0.11937499456348347, 0.12040408931682797, 0.12221880664223558, 0.1239831988553111, 0.1255482254327373, 0.12701957166296582, 0.1283261169408717, 0.1292880780513648, 0.12990922189898974, 0.13041847377261104, 0.13109512879660443, 0.13195612548753516, 0.13282954247661113, 0.13355225176636917, 0.1340129689552096, 0.13415688970920267, 0.1338928833319645, 0.1331145394391513, 0.13191513390937806, 0.13044080978737568, 0.1288688587841934, 0.12721049040025537, 0.12543504972132297, 0.12361712243047715, 0.12204320561432973, 0.12103919009970765, 0.12080790147337199, 0.12129728441992081, 0.12234130785717236, 0.1238531400228831, 0.12580986843202652, 0.12812601824693282, 0.13060904071997198, 0.1329690848400734, 0.13503004551973466, 0.13679391792735537, 0.13827597420746637, 0.1394767153352463, 0.1403303058273362, 0.14076527393028804, 0.1407607104002405, 0.14036844354825379, 0.13962068332597033, 0.13854099173322731, 0.13724276071242217, 0.13586853062215853, 0.1345124454597976, 0.13329306731253268, 0.13219407248803947, 0.13122818974627581, 0.13037059471267712, 0.12964334562818147, 0.12898883612698228, 0.12840012565623596, 0.12784879842397529, 0.12733592483332434, 0.12681586542403012, 0.1263043014909065, 0.1257384905128924, 0.12514106827144214, 0.12452137561105366, 0.12387032400963077, 0.1232019161928171, 0.1225548450385451, 0.12192277476353171, 0.1212887121617656, 0.1206942664534892, 0.12008796577143009, 0.11949967216307489, 0.11889735349780359, 0.11827315796938961, 0.11761656379193153, 0.11692607747371588, 0.11618547098828702, 0.11541533275536198, 0.11459953012363282, 0.11376347943518848, 0.11290808955943231, 0.11202564653194441, 0.11114437186080454, 0.11026465389603364, 0.10938081886578832, 0.10852215377217495, 0.10767336576755923, 0.10684304129404104, 0.10603525884388885, 0.10525685767483993, 0.10449367343151413, 0.10376518878491095, 0.10304177014146354, 0.10236644111031012, 0.10169873882252274, 0.10106374960893404, 0.10043730450712834, 0.09983576951674565, 0.09926376507848078, 0.09870418190478604, 0.09815845232389107, 0.09763312629715455, 0.09712035494817324, 0.09660415966112643, 0.09610070461552407, 0.09560007264379194, 0.09510495577855495, 0.09460999778073473, 0.09411021175690851, 0.09362326496518791, 0.09311525756574965, 0.09262703104397857, 0.0921271282118427, 0.09162279788552036, 0.09113620180769767, 0.09065619273880063, 0.09017715084403449, 0.08970704765987333, 0.08925474657014065, 0.08880280135691215, 0.08836856727499057, 0.08792600232128679, 0.08749920283217523, 0.08707202676199656, 0.08666133713536697, 0.08624527402579335, 0.08584312265471954, 0.08543888099616147, 0.08504344457365809, 0.08466192299502825, 0.08427666115473496, 0.08389867215359319, 0.08351930327979257, 0.08314271249720684, 0.08278369567837048, 0.08242990937867185, 0.08206882950546131, 0.08171451528100264, 0.08136500861899913, 0.08101289427316245, 0.08067029022729878, 0.0803442156934884]




8
summary_loss: [-2.1681693, -2.202678, -2.234958, -2.2571864, -2.2659397, -2.2623727, -2.251249, -2.2397525, -2.2350168, -2.241312, -2.258279, -2.281384, -2.3041108, -2.3205192, -2.3275928, -2.3263538, -2.320925, -2.3161526, -2.3153486, -2.3191648, -2.3258986, -2.3328264, -2.3378193, -2.3402925, -2.3410854, -2.341516, -2.342487, -2.3441846, -2.3463044, -2.3483813, -2.3500156, -2.3509867, -2.3513815, -2.3516107, -2.3521564, -2.3532171, -2.3545554, -2.3557332, -2.3564622, -2.3568027, -2.3570192, -2.3573565, -2.3578973, -2.3585417, -2.3591018, -2.3594277, -2.359519, -2.3595166, -2.3596232, -2.3599322, -2.3603802, -2.3608255, -2.3611715, -2.3614118, -2.361607, -2.3618078, -2.3620346, -2.362279, -2.3625124, -2.362709, -2.3628724, -2.363035, -2.363238, -2.3634844, -2.363729, -2.3639307, -2.3640819, -2.3642154, -2.3643723, -2.3645635, -2.3647764, -2.3649867, -2.3651795, -2.3653479, -2.365499, -2.3656552, -2.365827, -2.3660219, -2.3662171, -2.3664036, -2.3665824, -2.3667567, -2.3669353, -2.3671117, -2.3672931, -2.3674715, -2.367647, -2.3678267, -2.3680081, -2.3681965, -2.3683817, -2.3685663, -2.368753, -2.3689413, -2.3691273, -2.3693197, -2.3695164, -2.3697143, -2.3699136, -2.370118, -2.3703237, -2.3705356, -2.3707504, -2.3709662, -2.371186, -2.37141, -2.3716373, -2.3718693, -2.3721032, -2.3723428, -2.3725843, -2.3728278, -2.3730793, -2.3733318, -2.37359, -2.3738515, -2.3741143, -2.374384, -2.3746529, -2.374926, -2.3752017, -2.3754752, -2.375754, -2.3760324, -2.3763113, -2.3765917, -2.3768682, -2.377147, -2.377424, -2.3776958, -2.377965, -2.378232, -2.3784955, -2.378753, -2.3790064, -2.3792548, -2.3794982, -2.3797312, -2.379963, -2.3801844, -2.380402, -2.38061, -2.3808112, -2.3810043, -2.3811922, -2.3813694, -2.3815415, -2.3817084, -2.3818648, -2.3820171, -2.3821647, -2.3823054, -2.3824391, -2.3825688, -2.3826938, -2.3828146, -2.382931, -2.3830419, -2.38315, -2.3832545, -2.3833568, -2.383455, -2.3835502, -2.3836448, -2.383735, -2.3838227, -2.38391, -2.3839915, -2.3840759, -2.3841553, -2.384236, -2.3843093, -2.3843853, -2.384461, -2.3845298, -2.384601, -2.3846693, -2.3847344, -2.3848007, -2.3848634]
summary_v_score: [0.8566960748327033, 0.6860344701450088, 0.529979094772892, 0.42162175313713296, 0.3763073657996113, 0.39204787338563324, 0.4508299766011745, 0.519635446795831, 0.5608912894806594, 0.5500930297659321, 0.487780255816227, 0.396197896542977, 0.30566179907575125, 0.24164901036832412, 0.21613360511867602, 0.2247035326694712, 0.25029261299466726, 0.2722532004189134, 0.27616089293655416, 0.259718188929753, 0.23153315074825523, 0.2043526986652036, 0.1872993048569211, 0.1819165419216595, 0.18328675353860907, 0.184780977196108, 0.18236183832205222, 0.1759503333742833, 0.16796668156590175, 0.16117058431823122, 0.15725232723322086, 0.15652738233254332, 0.1579316931945779, 0.15944689287746258, 0.15920150832200752, 0.15671960272294216, 0.15313632835923172, 0.15003254629430457, 0.14811841381900187, 0.1467640888312432, 0.14487850870709687, 0.14180031185283376, 0.13765031952624504, 0.1332114705405988, 0.129464935391286, 0.127146727390564, 0.12635593126644765, 0.1266113849093823, 0.1270666636230735, 0.12718890762499815, 0.12699698380556473, 0.12684506970934886, 0.12694245339589746, 0.12717151946091104, 0.12713557475916748, 0.12652845889744546, 0.12528206800561312, 0.12353338552401003, 0.12158686108931306, 0.1197491846790319, 0.11813151502420988, 0.11673569277938445, 0.11545368189651786, 0.11430573567095903, 0.1134335539729665, 0.11292638409407574, 0.11269602898581149, 0.112491394305216, 0.11206872308586648, 0.11135708381725101, 0.11043421590491692, 0.10946630631005293, 0.10857166794127633, 0.10781889055685456, 0.10718046735828574, 0.10655414030732209, 0.10587890495354055, 0.10511787978670922, 0.10433974346018593, 0.10356079392463396, 0.10273247770031226, 0.10182095196198845, 0.1007807731303949, 0.09967632812519805, 0.09852439524236949, 0.09742648210329308, 0.09643696215380188, 0.09555263686212095, 0.09477930978893565, 0.09404045293231732, 0.09332025260122066, 0.0925406455864299, 0.0916548203389341, 0.09066375181042986, 0.08961789316168943, 0.0885208557899233, 0.08742446501924869, 0.08636146102356862, 0.08532958560692774, 0.08430027749549197, 0.08326898343552154, 0.08218781735554767, 0.08107597409880705, 0.07993918503242842, 0.07877480388878899, 0.07759200980919084, 0.07640496204858117, 0.07521946287900139, 0.07405149146881049, 0.07289472719324436, 0.07176361330613706, 0.07064594117364045, 0.06950135903145845, 0.06834666158778151, 0.06713716675702044, 0.06589373393227763, 0.06462786070256789, 0.0633296239702977, 0.062049678543476816, 0.060773615968018994, 0.0595253714901111, 0.05831028962211309, 0.0570995795249775, 0.055905586366649565, 0.054718981248876, 0.05353459658271227, 0.05236851013198363, 0.05119795364380657, 0.05003880472135563, 0.04891076799594527, 0.04779693478479091, 0.046699926353794524, 0.04563661011973981, 0.04461452649314485, 0.0436254689158408, 0.042672235359454795, 0.04175227287411015, 0.04088379847276213, 0.0400291756032712, 0.03921871518689856, 0.03842477594443812, 0.03767404634116361, 0.036956332109242304, 0.03627684760845517, 0.035625103322410645, 0.035024841635001955, 0.03445258667467809, 0.033903984631612434, 0.03340811817259328, 0.03292479277652213, 0.032464683584961226, 0.032032597831876515, 0.031630036442507704, 0.031245023535491242, 0.030881677548362796, 0.03053788238816334, 0.030215541233028054, 0.029912924335917065, 0.029620082284960124, 0.02934606624895248, 0.029072354194416106, 0.028820682008611563, 0.028575141185085726, 0.028330521597843578, 0.02810681890562371, 0.02788361061216403, 0.027666857654519143, 0.02746697286815501, 0.027248104959869356, 0.027047016868960463, 0.02683820683982272, 0.026650365512303598, 0.02645310592228635, 0.026255250258994854, 0.026079575732461908, 0.02589035232095207, 0.025711773297840697, 0.025544842958872816, 0.02536686747400542, 0.02520194260531131]




9
summary_loss: [-1.9471104, -1.9649714, -1.9798139, -1.9919186, -1.9994534, -2.000341, -1.9971628, -1.9948485, -1.9961956, -2.0024915, -2.0137186, -2.0272205, -2.0396726, -2.0494847, -2.056381, -2.0610323, -2.0651138, -2.0696144, -2.073815, -2.0768564, -2.0789454, -2.080588, -2.0820537, -2.0835278, -2.0847433, -2.0852587, -2.0854144, -2.0860324, -2.0872831, -2.088818, -2.0904682, -2.0922964, -2.0943382, -2.096365, -2.097921, -2.09885, -2.0995567, -2.1004548, -2.101582, -2.1027858, -2.1039276, -2.1049345, -2.1058223, -2.106551, -2.1070607, -2.1074395, -2.107869, -2.108408, -2.1090126, -2.1096601, -2.1102908, -2.1108053, -2.11118, -2.1114926, -2.1118183, -2.112164, -2.1124983, -2.1127949, -2.1130815, -2.1133683, -2.1136224, -2.11384, -2.1140683, -2.114337, -2.114641, -2.1149373, -2.1152096, -2.1154604, -2.1157014, -2.1159363, -2.1161733, -2.1164138, -2.116649, -2.116873, -2.1170888, -2.1172931, -2.1174872, -2.1176827, -2.1178787, -2.1180675, -2.1182458, -2.1184244, -2.1186001, -2.1187694, -2.1189282, -2.1190817, -2.119234, -2.1193793, -2.1195192, -2.1196551, -2.1197898, -2.1199198, -2.1200488, -2.120173, -2.120296, -2.1204164, -2.1205337, -2.1206489, -2.1207614, -2.120872, -2.1209807, -2.1210866, -2.1211894, -2.121291, -2.1213863, -2.1214807, -2.1215777, -2.12167, -2.1217606, -2.1218495, -2.1219378, -2.1220236, -2.122107, -2.1221905, -2.122274, -2.122353, -2.1224318, -2.1225114, -2.1225903, -2.1226668, -2.122742, -2.1228185, -2.1228943, -2.1229694, -2.1230443, -2.1231189, -2.1231918, -2.1232648, -2.1233408, -2.1234145, -2.123486, -2.1235616, -2.1236336, -2.1237092, -2.1237833, -2.123859, -2.1239326, -2.124007, -2.1240823, -2.1241608, -2.1242354, -2.1243124, -2.1243877, -2.1244676, -2.1245458, -2.1246257, -2.1247053, -2.1247876, -2.124868, -2.12495, -2.1250348, -2.1251168, -2.1252027, -2.1252882, -2.1253743, -2.1254625, -2.1255512, -2.1256406, -2.1257305, -2.1258223, -2.1259153, -2.126007, -2.1261034, -2.1261976, -2.1262956, -2.1263924, -2.126492, -2.1265922, -2.1266935, -2.1267955, -2.1269, -2.1270044, -2.127109, -2.127217, -2.1273277, -2.1274343, -2.1275473, -2.127658, -2.1277707, -2.1278858]
summary_v_score: [1.2962700656494461, 1.1754087771323036, 1.080121998566456, 1.0059304806736056, 0.9658944919151096, 0.9726405797259672, 1.0029097837376335, 1.0201976438173446, 1.00978703139792, 0.9699719966062254, 0.9044363960180201, 0.8286436620578568, 0.7572778944019801, 0.6950374659876861, 0.6461140106131134, 0.6127300062580954, 0.5866807899787244, 0.5591275707540239, 0.5318279031660473, 0.5096077694706661, 0.49257610881900804, 0.47973971692353673, 0.470257086369107, 0.4617610452831151, 0.45458266147943066, 0.4514801700382012, 0.4509544110831896, 0.44813547409327814, 0.44204850795406675, 0.43508652484831617, 0.4284806244610261, 0.4215877226114726, 0.4130567978209615, 0.402846455953583, 0.39343781213632834, 0.38690439591689757, 0.38196898688000547, 0.37642623891429927, 0.36960715333067845, 0.36178912374342287, 0.35353644787935756, 0.34568535925448296, 0.3389322105557906, 0.3338484579141726, 0.3303776391708443, 0.32734043596555834, 0.3234839945002856, 0.31883307336369876, 0.31415305793367954, 0.30976772153479953, 0.30576141773627774, 0.30225943988381404, 0.29912780717883675, 0.2959628958853391, 0.2926091685543519, 0.28937907500168575, 0.2866920019530501, 0.28460597969275536, 0.28257529882908883, 0.28023018869336147, 0.27772920350083463, 0.2753286484738067, 0.2730606603093669, 0.27090060342798555, 0.26878815913004483, 0.2667704944682363, 0.264824096241805, 0.2629601540624595, 0.26122060989532475, 0.25963850784515347, 0.2581464833970646, 0.25666640091337356, 0.2551994440350174, 0.25377479975858963, 0.25238075692544437, 0.2510387714064122, 0.24972707629034677, 0.2483639333908522, 0.2469677574388237, 0.24561353521654178, 0.24436362853082721, 0.24313368716205155, 0.2419024451810479, 0.24064762742168624, 0.23941986418700942, 0.23822965204651175, 0.2371117137288878, 0.23608707920075864, 0.23511454345967778, 0.23413230208508015, 0.23311588634653677, 0.23210925249410108, 0.23112242854930112, 0.23016764121829555, 0.22922385773121082, 0.2282733866597959, 0.22733111534202782, 0.22644423910587308, 0.2256339835778324, 0.22489548612319152, 0.22420837049902012, 0.22353370075502152, 0.22285442913172487, 0.22216317920246872, 0.2214880487986193, 0.22079953695411939, 0.2200760404722008, 0.21936852996993994, 0.21866200466850233, 0.2179812454079835, 0.2173219259862854, 0.21669508958015862, 0.21610644358743653, 0.21554963403473254, 0.21502655905192056, 0.21454328817079082, 0.2140533375049513, 0.21352229482964755, 0.2129751808594932, 0.2124458965765353, 0.21196441062846888, 0.2115196826508664, 0.21110458160649812, 0.21069243934654247, 0.21026967442657796, 0.20984771367075147, 0.20944380932037657, 0.2090691382901033, 0.20869414649382062, 0.208326788698907, 0.20796630275871633, 0.20758152070326355, 0.20721641522234638, 0.20683297801782166, 0.2064687238542126, 0.20610819628077773, 0.2057601186068541, 0.20542374935620794, 0.20507993766915728, 0.20471995429033174, 0.20438102265388933, 0.20403200129318452, 0.20370544049273243, 0.20336576770754822, 0.20304664951801318, 0.2027197182265667, 0.2023980130868897, 0.2020705340793674, 0.20175738926462733, 0.2014453043019904, 0.2011197191759447, 0.20081593052759422, 0.20050004611962294, 0.20020205229575364, 0.19991017144704035, 0.19961339954691526, 0.19931767362425665, 0.19902856807819283, 0.19874620548658342, 0.19846540746843794, 0.19818528010325545, 0.19791972439449626, 0.19763664252967963, 0.1973717911404862, 0.19709421860594442, 0.19684070334773368, 0.19658445383625134, 0.19633809907644725, 0.1960987335827587, 0.19586344083314627, 0.19562565865113857, 0.19540054108306326, 0.19518037234610042, 0.19496037582960896, 0.19473902644460578, 0.19455393546783448, 0.19435032804803215, 0.19417577889225338, 0.19399948265217573, 0.1938295289793282]


10
summary_loss: [-1.8829697, -1.9024414, -1.9128633, -1.9159906, -1.9171023, -1.9218352, -1.9331924, -1.9504828, -1.9704604, -1.9894799, -2.0052226, -2.0172956, -2.0266404, -2.0347407, -2.0430849, -2.0526183, -2.0634873, -2.075283, -2.087503, -2.099937, -2.1127343, -2.1260343, -2.139473, -2.1521678, -2.163259, -2.1725507, -2.180606, -2.1881847, -2.1955755, -2.202463, -2.2082613, -2.2125287, -2.2152367, -2.216782, -2.2177918, -2.2188244, -2.2201328, -2.2216249, -2.2230778, -2.224305, -2.2253168, -2.2263393, -2.227641, -2.2292795, -2.2309935, -2.2324777, -2.2336864, -2.234805, -2.2360005, -2.2372968, -2.238683, -2.240187, -2.2418513, -2.243678, -2.2456567, -2.2477205, -2.2497659, -2.2516942, -2.2534947, -2.2552452, -2.2570117, -2.2588181, -2.260677, -2.2625961, -2.2645736, -2.266605, -2.2687042, -2.270897, -2.2731905, -2.275574, -2.2780542, -2.2806404, -2.283342, -2.2861564, -2.289097, -2.2921734, -2.2953691, -2.2986612, -2.3020291, -2.3054466, -2.3088884, -2.3123195, -2.3156981, -2.3189728, -2.3220806, -2.3249748, -2.327607, -2.329947, -2.3319776, -2.3337069, -2.3351538, -2.3363574, -2.337358, -2.3381977, -2.3389118, -2.339538, -2.3401067, -2.3406413, -2.3411596, -2.3416715, -2.3421826, -2.3426888, -2.3431864, -2.3436754, -2.344154, -2.3446243, -2.3450842, -2.3455381, -2.3459826, -2.3464174, -2.346836, -2.3472357, -2.347612, -2.3479621, -2.348282, -2.3485718, -2.3488405, -2.3490837, -2.349314, -2.3495288, -2.3497355, -2.3499312, -2.3501213, -2.350302, -2.350473, -2.3506346, -2.3507838, -2.3509278, -2.3510594, -2.3511846, -2.3513012, -2.3514097, -2.3515162, -2.351612, -2.3517044, -2.3517907, -2.3518713, -2.3519478, -2.3520195, -2.3520865, -2.3521488, -2.352213, -2.3522696, -2.3523293, -2.352384, -2.352437, -2.352489, -2.352536, -2.3525805, -2.3526235, -2.352664, -2.3526995, -2.352736, -2.3527677, -2.3527987, -2.3528292, -2.3528574, -2.3528862, -2.352912, -2.3529348, -2.3529606, -2.3529851, -2.3530056, -2.3530276, -2.35305, -2.3530712, -2.3530912, -2.3531084, -2.3531291, -2.3531442, -2.3531635, -2.3531792, -2.353195, -2.3532124, -2.3532243, -2.3532393, -2.353254, -2.3532665, -2.3532782, -2.353291]
summary_v_score: [2.47992161751731, 2.308184205841415, 2.2223041650798137, 2.192724223931171, 2.1738905075919805, 2.1279672769230142, 2.043740856599833, 1.9371399340233701, 1.8340418759985353, 1.7516503641002832, 1.6925142927673622, 1.6494982342101294, 1.6138158660929005, 1.5781847135286673, 1.5365632467037864, 1.4855772562349097, 1.425335163810151, 1.358185704275438, 1.2872940417751575, 1.2155996060310073, 1.1449865065727467, 1.0766924061511303, 1.0128819697626366, 0.9569562707492123, 0.9117557125740439, 0.8771467021076091, 0.8498511251639617, 0.8260304480014281, 0.8041868724244746, 0.7853329811853541, 0.7711408297994087, 0.7620832534149704, 0.7566809735912557, 0.7519973219849881, 0.7449171183426976, 0.7336406466121491, 0.7185078701602187, 0.7018043703073801, 0.6863676429217224, 0.6745791925949154, 0.6671455126960119, 0.6626281776796491, 0.6585040446462866, 0.6533108754521434, 0.6480121872184414, 0.6445954748520971, 0.6437926516292252, 0.6446777627390817, 0.6457915683100399, 0.6459501612545167, 0.6439872360735057, 0.6389152895333627, 0.6305702912473172, 0.6198936389332169, 0.6082156872308796, 0.5967847844532035, 0.5863016082637528, 0.5768002394983537, 0.5675995501730338, 0.5578104668097196, 0.5472238351957567, 0.5363985042023202, 0.5261167190979255, 0.5169400681504436, 0.5089506986082019, 0.50176002774584, 0.4946303161606622, 0.48688255287765125, 0.4783296521909457, 0.4692808631116841, 0.46005902584850544, 0.4508170575305808, 0.4414096991179806, 0.4315313724177633, 0.4208194423895184, 0.4091402242654491, 0.3967619291143757, 0.3840783269043632, 0.3713469341303707, 0.35858178751662406, 0.3456377228212691, 0.33243204771839946, 0.31907694860628627, 0.3059161840014237, 0.29335673983279137, 0.2816451991181615, 0.2709067410133981, 0.2611484098125848, 0.25240775385315695, 0.24469602406212704, 0.23804133379620512, 0.2323761305445602, 0.22759349527907596, 0.22355355679836386, 0.22014212646636572, 0.21722403771165402, 0.21469351408284681, 0.2124814664309373, 0.21050034931247893, 0.20870060438071342, 0.20703340527096312, 0.20552652700013166, 0.20417160200167206, 0.2029840623173579, 0.20194619912104736, 0.20102284506711537, 0.2002087882665913, 0.1994643637008517, 0.19880215876670904, 0.19822053373741533, 0.1977292188794835, 0.19731780576674526, 0.19696529481537814, 0.1966580055028357, 0.1963978334906228, 0.19617752372513111, 0.19594803287385465, 0.1957322515267751, 0.1954759925297357, 0.19518171965059006, 0.1948203388850749, 0.19441267178687505, 0.1939362762458899, 0.1934115878285625, 0.1928473546437667, 0.19225402354659304, 0.19166604981666735, 0.19104161205604692, 0.1904535828602584, 0.1898731462213477, 0.18932608197535222, 0.1888077951304903, 0.18829702940977766, 0.18783296268533867, 0.1873960466087197, 0.18698588549782627, 0.18661156121137804, 0.1862544575544281, 0.1859183318650981, 0.1856057642519507, 0.18531519767044916, 0.1850192764597255, 0.18475448793880614, 0.1844726058290196, 0.18420909432775076, 0.18394528865139878, 0.18369168376485637, 0.1834535591576501, 0.18324038754566785, 0.18303703384659573, 0.18284777290550483, 0.18269310610458173, 0.18254118661693186, 0.18242260296687, 0.18231191700978222, 0.18220580786237836, 0.18209776032115946, 0.1819823400696095, 0.18186667299428785, 0.1817520898363674, 0.18162144363682506, 0.18148517981652193, 0.18136246427837227, 0.18122913596691523, 0.18109485657238258, 0.1809642602890795, 0.18084303046022024, 0.18073941700694285, 0.18062011944794168, 0.18053811648477036, 0.18043305549329078, 0.18035504910452943, 0.18027756091035183, 0.1801923413824555, 0.1801297264860111, 0.1800528996367127, 0.17997732648681505, 0.17990756076971295, 0.1798431026549132, 0.17976670180340903]





V-score


Min list: [0.8566960748327033, 0.6860344701450088, 0.529979094772892, 0.42162175313713296, 0.3763073657996113, 0.39204787338563324, 0.4508299766011745, 0.4618785538219351, 0.4198865723089464, 0.4175108401636773, 0.4317956617903083, 0.396197896542977, 0.30566179907575125, 0.24164901036832412, 0.21613360511867602, 0.2247035326694712, 0.25029261299466726, 0.25460427813421355, 0.2541157359921523, 0.24534957224770887, 0.22442019229712243, 0.2043526986652036, 0.1872993048569211, 0.1819165419216595, 0.18328675353860907, 0.1819087811220106, 0.16602186222548737, 0.14708250843888684, 0.13278068607210441, 0.12755774808094256, 0.12977472743896032, 0.13390268638870473, 0.13549810069661597, 0.13333590294803457, 0.13205451078237385, 0.1313248482076195, 0.13139965115959276, 0.12846989987631988, 0.12346655877516392, 0.11992378452964333, 0.11710030221899978, 0.11291033488215099, 0.10672609089651937, 0.09973476269986532, 0.09331909259838216, 0.08817238542418461, 0.08445650404221527, 0.08193361460561618, 0.07992106907442542, 0.07767601064465975, 0.07521373639720902, 0.07324503528199869, 0.07208162153982155, 0.07108726800314281, 0.06950898034365866, 0.06741012915448064, 0.06544064279610765, 0.06406001701529014, 0.06332475281812928, 0.06303917726965917, 0.06295562224510873, 0.06291839125687722, 0.06288857075868308, 0.06294010097903668, 0.06294249869322661, 0.06268319499032324, 0.06207981131690529, 0.061403966463992134, 0.06086958944291281, 0.06054426683938608, 0.060280964898272164, 0.05997849374699093, 0.05968022033827633, 0.05942428221777166, 0.059252673594466135, 0.059110071015610395, 0.05895522174436358, 0.05882348565950889, 0.058732816678958896, 0.058692453064589804, 0.0587308632510376, 0.05880293112329911, 0.058892944678968336, 0.058954412435019615, 0.058971590702405395, 0.058913692428002, 0.0588042576856404, 0.05865967609083526, 0.058476243211252305, 0.05831710218165575, 0.058165069885337574, 0.0580875258456711, 0.058016387581819095, 0.05796669759545881, 0.05792909730452072, 0.05790235832816638, 0.05789510764233865, 0.05785996423945266, 0.057824726024311324, 0.0577989302729544, 0.05777627849350563, 0.0577671334284039, 0.057777274150141916, 0.057783074644229285, 0.05779738504803031, 0.057809726608157475, 0.05777445744658879, 0.05775163655667962, 0.05769318785487304, 0.05764691206669377, 0.05759099428726926, 0.05753864411323976, 0.057497048075392486, 0.05745180092930906, 0.057431522013814115, 0.05740709442443151, 0.05740876722069395, 0.057412673157923054, 0.057407550969327335, 0.0574018148475826, 0.05739100908916456, 0.05738352651097935, 0.0570995795249775, 0.055905586366649565, 0.054718981248876, 0.05353459658271227, 0.05236851013198363, 0.05119795364380657, 0.05003880472135563, 0.04891076799594527, 0.04779693478479091, 0.046699926353794524, 0.04563661011973981, 0.04461452649314485, 0.0436254689158408, 0.042672235359454795, 0.04175227287411015, 0.04088379847276213, 0.0400291756032712, 0.03921871518689856, 0.03842477594443812, 0.03767404634116361, 0.036956332109242304, 0.03627684760845517, 0.035625103322410645, 0.035024841635001955, 0.03445258667467809, 0.033903984631612434, 0.03340811817259328, 0.03292479277652213, 0.032464683584961226, 0.032032597831876515, 0.031630036442507704, 0.031245023535491242, 0.030881677548362796, 0.03053788238816334, 0.030215541233028054, 0.029912924335917065, 0.029620082284960124, 0.02934606624895248, 0.029072354194416106, 0.028820682008611563, 0.028575141185085726, 0.028330521597843578, 0.02810681890562371, 0.02788361061216403, 0.027666857654519143, 0.02746697286815501, 0.027248104959869356, 0.027047016868960463, 0.02683820683982272, 0.026650365512303598, 0.02645310592228635, 0.026255250258994854, 0.026079575732461908, 0.02589035232095207, 0.025711773297840697, 0.025544842958872816, 0.02536686747400542, 0.02520194260531131]


Max list: [3.513344751292487, 3.162420366369998, 2.7570031894223503, 2.393953421365458, 2.1738905075919805, 2.1279672769230142, 2.043740856599833, 2.060231593782784, 2.077939247229751, 2.037144738972853, 1.9522543795839684, 1.9250511541931414, 1.8274885771132743, 1.7148223743368511, 1.6338608766485678, 1.5865245162379091, 1.5448735490888494, 1.4873531622284841, 1.415787945409274, 1.3561745116489274, 1.317005399791552, 1.2974240347743855, 1.2902046203866777, 1.2791784896254996, 1.2490014512692882, 1.1948367419238308, 1.126259714504856, 1.059710699205897, 1.037954223103617, 1.012089501764215, 0.9897604740345389, 0.9726895958004447, 0.9557929608159105, 0.9350987309088218, 0.9128574090469642, 0.8942172124568863, 0.8803720589773766, 0.8673700425557561, 0.8506732878174987, 0.829442999250904, 0.8059259119111626, 0.782300344685016, 0.7592910637453443, 0.7372279376726472, 0.7173345678886722, 0.7010614814866819, 0.6885945293385813, 0.6788222999637764, 0.6704043964975024, 0.662683944367827, 0.6553602088701348, 0.6479738709966598, 0.6403213373769998, 0.6329415437049286, 0.6269124119544331, 0.622845121184377, 0.6202630277654368, 0.6182149222292337, 0.6162115760278482, 0.6143364660423121, 0.6126587794153, 0.610481839405315, 0.6067350704852374, 0.6010268698959202, 0.5938395703654229, 0.5859633372845481, 0.5779526368892012, 0.5699445570852777, 0.5621568548502186, 0.5549064765744189, 0.5482875172106914, 0.5420003362130713, 0.5354999399861402, 0.5284892705017525, 0.5209416956205937, 0.513071575265029, 0.5051142092994163, 0.49743062410351196, 0.4902822710404039, 0.4837537280215289, 0.47767342667955814, 0.4717799738221595, 0.46582025347551004, 0.45964001129585547, 0.4531241473635985, 0.44634754494075785, 0.4395280208149491, 0.43290478493751305, 0.42669619220019445, 0.4208252264699182, 0.4151724948968593, 0.4095447630355623, 0.4037166560011837, 0.3974352207273067, 0.39051499389010064, 0.38285910914779314, 0.37440814238051134, 0.3650775308132823, 0.3567789661492068, 0.3540711231640403, 0.3512167789994432, 0.3481949042583371, 0.34495922226932285, 0.3415085014398855, 0.3378172004722649, 0.33390705494997613, 0.3297893256531616, 0.3254922139157469, 0.32103639574561826, 0.3164144626317296, 0.31161257290811323, 0.3066239491891804, 0.3014568481040872, 0.29612025264045627, 0.2906846608454654, 0.2851546092302792, 0.2795571358145256, 0.273915798196096, 0.26828449304286783, 0.26273365707431345, 0.26195555571593565, 0.2700739337173968, 0.2771550181714849, 0.28292166318830847, 0.28720629070700665, 0.2899881921270151, 0.2912984499380344, 0.29125933216946065, 0.29008507649191806, 0.2880705173659623, 0.28558052000538797, 0.28299010368704114, 0.2806515499397661, 0.2788301391952539, 0.2776472497902966, 0.27710022400238227, 0.2771385170049511, 0.27768184992230543, 0.2786061448179752, 0.27984087686889936, 0.28123497662863195, 0.28261968136540677, 0.2837905378220268, 0.28454653548256864, 0.2847260611050469, 0.2842822363832861, 0.283254128100631, 0.28176596515419905, 0.27996067618682463, 0.2780181649481121, 0.2760151786885944, 0.2740569378750169, 0.2721319727289226, 0.2701992161290185, 0.2681926094921713, 0.2660263944682492, 0.26364793725214836, 0.2610667349505286, 0.2583364392788145, 0.25552976156936735, 0.2526949631044985, 0.24989810253432285, 0.24715221213602187, 0.2444178912608726, 0.24167648444312767, 0.23891919219377236, 0.23609376019279504, 0.23322986019146558, 0.2303046001748467, 0.227322043798413, 0.22434087583087234, 0.2213316082809555, 0.21830715068888448, 0.21529018918181067, 0.21228651682431696, 0.20929506446789034, 0.20629595950649385, 0.20329734813014647, 0.20028328016294225, 0.19723259304340893]


Avg list: [2.052804941329332, 1.8314325037340893, 1.6358954412134508, 1.4690336849936925, 1.3321120611530077, 1.2252530331814184, 1.1458324011549976, 1.0910888734316184, 1.056438186797763, 1.0303080290956834, 0.9973234350714586, 0.9488041427364264, 0.8889203133805548, 0.8307782034144802, 0.7865386637854038, 0.7583837967026569, 0.737499151552678, 0.7130096145269387, 0.6812316189756077, 0.6462349894194845, 0.6139146392963843, 0.5870820261318664, 0.5650313809413767, 0.5457986500781866, 0.5278638112413045, 0.5102229135023393, 0.49227466290558486, 0.47440301912306015, 0.45805835652307747, 0.44455189875145074, 0.43417061737217344, 0.4261579261678081, 0.4192584200474987, 0.4126193366368966, 0.40612918208015747, 0.39962492650778547, 0.3923704448371884, 0.38391062534045073, 0.3746953624341855, 0.3655863871961912, 0.35704992476986636, 0.3489949802038019, 0.3411731467244583, 0.3336676623013078, 0.32697138634730377, 0.3214626702330147, 0.31698812892535505, 0.31314695025373124, 0.309680262000494, 0.3064637698833412, 0.3033439580882364, 0.30010432727012193, 0.29655558812279736, 0.29267464169825247, 0.28860121358888746, 0.2845539816234951, 0.280675748115062, 0.2769610756856177, 0.273316243089338, 0.2697148523057483, 0.26622176295545025, 0.2629046938050149, 0.25974129839941607, 0.2567243127893432, 0.25387324898610536, 0.2512271157379515, 0.24879815667708233, 0.24655989470579084, 0.24449008400483535, 0.24260981472115034, 0.240921178007213, 0.23941081081781673, 0.23799986005728885, 0.2365836558152828, 0.23501844959407317, 0.2331881174610959, 0.23107563909482826, 0.22874742120471758, 0.22630392394476934, 0.2238033124144676, 0.2212520192063824, 0.2186167128415506, 0.21587348840188114, 0.21302575191503617, 0.21009347172386122, 0.20714438401705518, 0.20426690852136015, 0.20153001964291342, 0.1989914139748959, 0.19664468627739995, 0.1944880296902613, 0.1924970402805172, 0.1906206264017823, 0.1888091058001057, 0.18701461210001455, 0.1852120061342853, 0.18339199134516776, 0.1815237389501314, 0.17959157972092904, 0.177555792272236, 0.17540046247809032, 0.17312745218152217, 0.17075071268090145, 0.16829732176515375, 0.1658053056284701, 0.16330794075129454, 0.1608396299364363, 0.15846509371887757, 0.15624263569480717, 0.15425446176275573, 0.1525490053131905, 0.15115551127074583, 0.15007556306742625, 0.1492787348047005, 0.14873090410580625, 0.1483808603509025, 0.14817375572194974, 0.14805966166471612, 0.14799818478713905, 0.14795955448575368, 0.14790570449177715, 0.14780243516876554, 0.1476123288212836, 0.14730883677776602, 0.14688040205861594, 0.14633427643892205, 0.14568387028404525, 0.14493597238051836, 0.14412101562124982, 0.14326168098544584, 0.1423994996338631, 0.1415649869072276, 0.1407908908179355, 0.1401137540960274, 0.1395323751202216, 0.13904495347428786, 0.1386484675010416, 0.138332888008469, 0.13807553561031466, 0.13786607687308536, 0.1376872393640135, 0.13751280121787499, 0.13733134980329262, 0.13710715764655657, 0.1368260911749277, 0.13649257837098622, 0.1361006964178325, 0.13566696775225556, 0.13521197098236595, 0.13474856389368287, 0.13428089568236562, 0.13382354713755318, 0.13338042651178783, 0.1329441112271309, 0.13250789573712568, 0.1320618765532543, 0.13159818786904823, 0.1311175535108769, 0.13062613030845374, 0.13012800549003395, 0.12962907621322833, 0.12913722646606557, 0.1286544489316389, 0.1281720775375764, 0.12769360095422697, 0.12722099827401584, 0.1267378266376997, 0.12625802422506818, 0.12577317293921747, 0.1252897687077465, 0.12480046847713669, 0.12432143001157206, 0.1238424011575228, 0.12336873645273945, 0.12289920554423346, 0.12243585604263414, 0.12197574358912186, 0.12152318538802813, 0.12107229642659398, 0.12062318653622343]

